0.6822916666666666 1.0 0.3645833333333333 0 12 -5.5 30 3 5.5 0.8 10 20 1 
0.828125 1.0 0.6562499999999999 1 12 -5.5 30 3 5.5 0.8 10 20 1 
0.8854166666666667 1.0 0.7708333333333334 2 12 -5.5 30 3 5.5 0.8 10 20 1 
0.9197916666666666 0.9333333333333333 0.9062499999999999 3 12 -5.5 30 3 5.5 0.8 10 20 1 
0.8302083333333332 0.7333333333333333 0.9270833333333333 4 12 -5.5 30 3 5.5 0.8 10 20 1 
0.8125 0.6666666666666666 0.9583333333333334 5 12 -5.5 30 3 5.5 0.8 10 20 1 
0.75625 0.5333333333333333 0.9791666666666666 6 12 -5.5 30 3 5.5 0.8 10 20 1 
0.65625 0.3333333333333333 0.9791666666666666 7 12 -5.5 30 3 5.5 0.8 10 20 1 
0.6614583333333333 0.3333333333333333 0.9895833333333333 8 12 -5.5 30 3 5.5 0.8 10 20 1 
0.6614583333333333 0.3333333333333333 0.9895833333333333 9 12 -5.5 30 3 5.5 0.8 10 20 1 
